  -1.00000000      -1.00000000      0.100000463       9.96359140E-02  -1.10000038       0.00000000       0.00000000       5.00000006E-08   0.00000000      0.115708090      0.115708090       4.08151047E-03
  -1.00000000      -1.00000000       9.85475406E-02   9.67512876E-02  -1.09854746       2.88462639E-03   3.41646397E-03   9.45719238E-03   0.00000000      0.115708090      0.123915054       4.10809554E-03
  -1.00000000      -1.00000000       9.42732915E-02   9.11496431E-02  -1.09427321       5.60164452E-03   6.80581480E-03   1.88270826E-02   0.00000000      0.115708090      0.124070935       4.18630475E-03
  -1.00000000      -1.00000000       8.74260291E-02   8.31565410E-02  -1.08742595       7.99310207E-03   1.01411212E-02   2.80234832E-02   0.00000000      0.115708090      0.124360323       4.33152309E-03
  -1.00000000      -1.00000000       7.84036741E-02   7.32365400E-02  -1.07840359       9.92000103E-03   1.33957267E-02   3.69615033E-02   0.00000000      0.115708090      0.124775581       4.53996984E-03
  -1.00000000      -1.00000000       6.77306280E-02   6.19662628E-02  -1.06773055       1.12702847E-02   1.65433809E-02   4.55591902E-02   0.00000000      0.115708090      0.125326350       4.81655728E-03
  -1.00000000      -1.00000000       5.60272560E-02   5.00003919E-02  -1.05602717       1.19658709E-02   1.95583068E-02   5.37397824E-02   0.00000000      0.115708090      0.126033902       5.17209293E-03
  -1.00000000      -1.00000000       4.39736471E-02   3.80346403E-02  -1.04397357       1.19657516E-02   2.24151351E-02   6.14328571E-02   0.00000000      0.115708090      0.126955301       5.63547667E-03
  -1.00000000      -1.00000000       3.22701558E-02   2.67642383E-02  -1.03227007       1.12704039E-02   2.50884891E-02   6.85813949E-02   0.00000000      0.115708090      0.128213540       6.26904098E-03
  -1.00000000      -1.00000000       2.15972308E-02   1.68443564E-02  -1.02159715       9.91988182E-03   2.75517423E-02   7.51401633E-02   0.00000000      0.115708090      0.130079940       7.21067190E-03
  -1.00000000      -1.00000000       1.25748757E-02   8.85125529E-03  -1.01257479       7.99310207E-03   2.97741387E-02   8.10838044E-02   0.00000000      0.115708090      0.133331612       8.85734987E-03
  -1.00000000      -1.00000000       5.72761334E-03   3.24960961E-03  -1.00572753       5.60164452E-03   3.17155458E-02   8.64295214E-02   0.00000000      0.115708090      0.140197173       1.23665044E-02
  -1.00000000      -1.00000000       1.45336404E-03   3.64983251E-04  -1.00145328       2.88462639E-03   3.33056524E-02   9.17448699E-02   0.00000000      0.115708090      0.160761595       2.32745949E-02
  -1.00000000     -0.999774754       4.41243458E-07   4.41112803E-07  -1.00000036       5.89787960E-04   3.43433507E-02   7.04804584E-02   8.60000029E-02   0.00000000      -6.29028454E-02  -2.22372618E-02
 -0.999098957     -0.997973084       4.40714643E-07   4.40055459E-07 -0.999099314       1.80166960E-03   3.53323556E-02   7.17729926E-02   8.60000029E-02   0.00000000      -7.94125795E-02  -3.15397643E-02
 -0.996397495     -0.994373024       4.39129337E-07   4.37943044E-07 -0.996397853       3.60006094E-03   3.67500111E-02   7.72784203E-02   8.60000029E-02   0.00000000      -7.34327734E-02  -2.80967075E-02
 -0.991900504     -0.988981009       4.36490836E-07   4.34779935E-07 -0.991900861       5.39201498E-03   3.83198410E-02   8.01337212E-02   8.60000029E-02   0.00000000      -7.23716468E-02  -2.74948739E-02
 -0.985615969     -0.981806815       4.32804711E-07   4.30572896E-07 -0.985616326       7.17419386E-03   4.00130451E-02   8.31821486E-02   8.60000029E-02   0.00000000      -7.16680810E-02  -2.70973016E-02
 -0.977555275     -0.972863317       4.28078749E-07   4.25330711E-07 -0.977555633       8.94349813E-03   4.18151096E-02   8.64433944E-02   8.60000029E-02   0.00000000      -7.12356865E-02  -2.68535409E-02
 -0.967733026     -0.962166667       4.22322898E-07   4.19064492E-07 -0.967733383       1.06966496E-02   4.37221788E-02   8.99463668E-02   8.60000029E-02   0.00000000      -7.09168985E-02  -2.66740974E-02
 -0.956166804     -0.949736118       4.15549323E-07   4.11787511E-07 -0.956167161       1.24305487E-02   4.57339399E-02   9.37137827E-02   8.60000029E-02   0.00000000      -7.06038475E-02  -2.64981166E-02
 -0.942877471     -0.935594022       4.07772404E-07   4.03515287E-07 -0.942877829       1.41420960E-02   4.78482693E-02   9.77607891E-02   8.60000029E-02   0.00000000      -7.02276826E-02  -2.62869541E-02
 -0.927889049     -0.919766009       3.99008911E-07   3.94265783E-07 -0.927889407       1.58280134E-02   5.00570945E-02  0.102086700       8.60000029E-02   0.00000000      -6.97192326E-02  -2.60020439E-02
 -0.911228478     -0.902280450       3.89277858E-07   3.84059291E-07 -0.911228836       1.74855590E-02   5.23449183E-02  0.106673591       8.60000029E-02   0.00000000      -6.89237043E-02  -2.55574472E-02
 -0.892925858     -0.883168936       3.78600902E-07   3.72918919E-07 -0.892926216       1.91115141E-02   5.47008999E-02  0.111485131       8.60000029E-02   0.00000000      -6.80891126E-02  -2.50925422E-02
 -0.873014092     -0.862465858       3.67002542E-07   3.60870700E-07 -0.873014450       2.07030773E-02   5.71099631E-02  0.116474144       8.60000029E-02   0.00000000      -6.72987029E-02  -2.46536732E-02
 -0.851529062     -0.840208590       3.54510405E-07   3.47944109E-07 -0.851529419       2.22572684E-02   5.95548302E-02  0.121588118       8.60000029E-02   0.00000000      -6.65965676E-02  -2.42649596E-02
 -0.828509569     -0.816437185       3.41155811E-07   3.34172512E-07 -0.828509927       2.37714052E-02   6.20175190E-02  0.126774535       8.60000029E-02   0.00000000      -6.60005882E-02  -2.39358488E-02
 -0.803997040     -0.791194558       3.26974146E-07   3.19593852E-07 -0.803997397       2.52426267E-02   6.44803718E-02  0.131983668       8.60000029E-02   0.00000000      -6.55100644E-02  -2.36655474E-02
 -0.778035641     -0.764526129       3.12005852E-07   3.04251415E-07 -0.778035998       2.66684294E-02   6.69266582E-02  0.137171432       8.60000029E-02   0.00000000      -6.51148409E-02  -2.34481245E-02
 -0.750672221     -0.736479998       2.96297173E-07   2.88194826E-07 -0.750672579       2.80461311E-02   6.93408921E-02  0.142298132       8.60000029E-02   0.00000000      -6.48011863E-02  -2.32758131E-02
 -0.721956015     -0.707106650       2.79901087E-07   2.71481127E-07 -0.721956372       2.93733478E-02   7.17089474E-02  0.147329375       8.60000029E-02   0.00000000      -6.45545945E-02  -2.31404863E-02
 -0.691938758     -0.676459074       2.62878643E-07   2.54175973E-07 -0.691939116       3.06475759E-02   7.40180090E-02  0.152235284       8.60000029E-02   0.00000000      -6.43616095E-02  -2.30346676E-02
 -0.660674632     -0.644592464       2.45300214E-07   2.36355035E-07 -0.660674989       3.18666101E-02   7.62565285E-02  0.156989694       8.60000029E-02   0.00000000      -6.42113388E-02  -2.29523219E-02
 -0.628219903     -0.611564279       2.27246687E-07   2.18105313E-07 -0.628220260       3.30281854E-02   7.84141049E-02  0.161569595       8.60000029E-02   0.00000000      -6.40942752E-02  -2.28882078E-02
 -0.594633102     -0.577433944       2.08811173E-07   1.99526596E-07 -0.594633460       3.41303349E-02   8.04813802E-02  0.165955052       8.60000029E-02   0.00000000      -6.40031695E-02  -2.28383262E-02
 -0.559974730     -0.542263091       1.90100252E-07   1.80733139E-07 -0.559975088       3.51708531E-02   8.24499503E-02  0.170127809       8.60000029E-02   0.00000000      -6.39322028E-02  -2.27994882E-02
 -0.524307251     -0.506115079       1.71235627E-07   1.61854828E-07 -0.524307609       3.61480117E-02   8.43122602E-02  0.174072474       8.60000029E-02   0.00000000      -6.38769120E-02  -2.27692313E-02
 -0.487694889     -0.469054967       1.52355327E-07   1.43038520E-07 -0.487695217       3.70601118E-02   8.60615149E-02  0.177775413       8.60000029E-02   0.00000000      -6.38336986E-02  -2.27455925E-02
 -0.450203687     -0.431149572       1.33615060E-07   1.24449258E-07 -0.450204015       3.79053950E-02   8.76916200E-02  0.181223989       8.60000029E-02   0.00000000      -6.38000220E-02  -2.27271710E-02
 -0.411901206     -0.392467260       1.15189138E-07   1.06271123E-07 -0.411901534       3.86823118E-02   8.91971216E-02  0.184406951       8.60000029E-02   0.00000000      -6.37737364E-02  -2.27127951E-02
 -0.372856438     -0.353077650       9.72712115E-08   8.87076723E-08 -0.372856736       3.93896103E-02   9.05731618E-02  0.187314793       8.60000029E-02   0.00000000      -6.37531281E-02  -2.27015261E-02
 -0.333139777     -0.313051790       8.00746420E-08   7.19821358E-08 -0.333140075       4.00258601E-02   9.18154418E-02  0.189938501       8.60000029E-02   0.00000000      -6.37370944E-02  -2.26927567E-02
 -0.292822748     -0.272461802       6.38323101E-08   5.63370506E-08 -0.292823076       4.05899882E-02   9.29201767E-02  0.192270666       8.60000029E-02   0.00000000      -6.37245029E-02  -2.26858724E-02
 -0.251978070     -0.231380790       4.87962062E-08   4.20334381E-08 -0.251978397       4.10810113E-02   9.38840881E-02  0.194304690       8.60000029E-02   0.00000000      -6.37147576E-02  -2.26805415E-02
 -0.210679278     -0.189882830       3.52361553E-08   2.93493585E-08 -0.210679591       4.14979607E-02   9.47043747E-02  0.196034849       8.60000029E-02   0.00000000      -6.37073219E-02  -2.26764772E-02
 -0.169000819     -0.148042679       2.34381368E-08   1.85778202E-08 -0.169001102       4.18401510E-02   9.53786820E-02  0.197456732       8.60000029E-02   0.00000000      -6.37017339E-02  -2.26734187E-02
 -0.127017826     -0.105935737       1.37019027E-08   1.00241238E-08 -0.127018094       4.21069413E-02   9.59051028E-02  0.198566720       8.60000029E-02   0.00000000      -6.36976734E-02  -2.26712022E-02
  -8.48059282E-02  -6.36378974E-02   6.33795150E-09   4.00250322E-09  -8.48062038E-02   4.22978401E-02   9.62821692E-02  0.199361876       8.60000029E-02   0.00000000      -6.36949837E-02  -2.26697288E-02
  -4.24412042E-02  -2.12253835E-02   1.66386460E-09   8.32122593E-10  -4.24414873E-02   4.24125120E-02   9.65088308E-02  0.199840158       8.60000029E-02   0.00000000      -6.36934638E-02  -2.26689000E-02
   0.00000000       2.12253835E-02   0.00000000       8.32122649E-10  -2.38418579E-07   4.24507670E-02   9.65844542E-02  0.199999899       8.60000029E-02   0.00000000      -6.36929944E-02  -2.26686429E-02
   4.24412042E-02   6.36378974E-02   1.66386460E-09   4.00250322E-09   4.24410105E-02   4.24125120E-02   9.65088233E-02  0.199840158       8.60000029E-02   0.00000000      -6.36934340E-02  -2.26688795E-02
   8.48059282E-02  0.105935737       6.33795150E-09   1.00241238E-08   8.48057270E-02   4.22978401E-02   9.62821543E-02  0.199361265       8.60000029E-02   0.00000000      -6.36948422E-02  -2.26696525E-02
  0.127017826      0.148042679       1.37019027E-08   1.85778202E-08  0.127017617       4.21069413E-02   9.59050879E-02  0.198565677       8.60000029E-02   0.00000000      -6.36974722E-02  -2.26710886E-02
  0.169000819      0.189882830       2.34381368E-08   2.93493585E-08  0.169000626       4.18401510E-02   9.53786895E-02  0.197457045       8.60000029E-02   0.00000000      -6.37017787E-02  -2.26734411E-02
  0.210679278      0.231380790       3.52361553E-08   4.20334381E-08  0.210679054       4.14979607E-02   9.47044045E-02  0.196036711       8.60000029E-02   0.00000000      -6.37076572E-02  -2.26766597E-02
  0.251978070      0.272461802       4.87962062E-08   5.63370506E-08  0.251977801       4.10810113E-02   9.38841030E-02  0.194304183       8.60000029E-02   0.00000000      -6.37148023E-02  -2.26805657E-02
  0.292822748      0.313051790       6.38323101E-08   7.19821358E-08  0.292822480       4.05899882E-02   9.29201841E-02  0.192270368       8.60000029E-02   0.00000000      -6.37245476E-02  -2.26858966E-02
  0.333139777      0.353077650       8.00746420E-08   8.87076723E-08  0.333139539       4.00258601E-02   9.18154418E-02  0.189939380       8.60000029E-02   0.00000000      -6.37371838E-02  -2.26928052E-02
  0.372856438      0.392467260       9.72712115E-08   1.06271123E-07  0.372856140       3.93896103E-02   9.05731395E-02  0.187314019       8.60000029E-02   0.00000000      -6.37529492E-02  -2.27014255E-02
  0.411901206      0.431149572       1.15189138E-07   1.24449258E-07  0.411900878       3.86823118E-02   8.91970918E-02  0.184406489       8.60000029E-02   0.00000000      -6.37735203E-02  -2.27126759E-02
  0.450203687      0.469054967       1.33615060E-07   1.43038520E-07  0.450203419       3.79053950E-02   8.76915902E-02  0.181222871       8.60000029E-02   0.00000000      -6.37997910E-02  -2.27270443E-02
  0.487694889      0.506115079       1.52355327E-07   1.61854828E-07  0.487694621       3.70601118E-02   8.60615000E-02  0.177774981       8.60000029E-02   0.00000000      -6.38335273E-02  -2.27454975E-02
  0.524307251      0.542263091       1.71235627E-07   1.80733139E-07  0.524307013       3.61480117E-02   8.43122751E-02  0.174073219       8.60000029E-02   0.00000000      -6.38770610E-02  -2.27693152E-02
  0.559974730      0.577433944       1.90100252E-07   1.99526596E-07  0.559974432       3.51708531E-02   8.24499875E-02  0.170129716       8.60000029E-02   0.00000000      -6.39326721E-02  -2.27997471E-02
  0.594633102      0.611564279       2.08811173E-07   2.18105313E-07  0.594632864       3.41303349E-02   8.04814026E-02  0.165956184       8.60000029E-02   0.00000000      -6.40034452E-02  -2.28384808E-02
  0.628219903      0.644592464       2.27246687E-07   2.36355035E-07  0.628219604       3.30281854E-02   7.84140900E-02  0.161567926       8.60000029E-02   0.00000000      -6.40939176E-02  -2.28880122E-02
  0.660674632      0.676459074       2.45300214E-07   2.54175973E-07  0.660674334       3.18666101E-02   7.62565136E-02  0.156987548       8.60000029E-02   0.00000000      -6.42109960E-02  -2.29521338E-02
  0.691938758      0.707106650       2.62878643E-07   2.71481127E-07  0.691938400       3.06475759E-02   7.40180314E-02  0.152238220       8.60000029E-02   0.00000000      -6.43621162E-02  -2.30349451E-02
  0.721956015      0.736479998       2.79901087E-07   2.88194826E-07  0.721955657       2.93733478E-02   7.17089549E-02  0.147330418       8.60000029E-02   0.00000000      -6.45548105E-02  -2.31406074E-02
  0.750672221      0.764526129       2.96297173E-07   3.04251415E-07  0.750671864       2.80461311E-02   6.93408623E-02  0.142294303       8.60000029E-02   0.00000000      -6.48004711E-02  -2.32754182E-02
  0.778035641      0.791194558       3.12005852E-07   3.19593852E-07  0.778035283       2.66684294E-02   6.69266656E-02  0.137174606       8.60000029E-02   0.00000000      -6.51153550E-02  -2.34484095E-02
  0.803997040      0.816437185       3.26974146E-07   3.34172512E-07  0.803996682       2.52426267E-02   6.44803494E-02  0.131981477       8.60000029E-02   0.00000000      -6.55095801E-02  -2.36652773E-02
  0.828509569      0.840208590       3.41155811E-07   3.47944109E-07  0.828509212       2.37714052E-02   6.20175153E-02  0.126775563       8.60000029E-02   0.00000000      -6.60007298E-02  -2.39359308E-02
  0.851529062      0.862465858       3.54510405E-07   3.60870700E-07  0.851528645       2.22572684E-02   5.95548227E-02  0.121587560       8.60000029E-02   0.00000000      -6.65964484E-02  -2.42648963E-02
  0.873014092      0.883168936       3.67002542E-07   3.72918919E-07  0.873013735       2.07030773E-02   5.71099631E-02  0.116474465       8.60000029E-02   0.00000000      -6.72987998E-02  -2.46537235E-02
  0.892925858      0.902280450       3.78600902E-07   3.84059291E-07  0.892925501       1.91115141E-02   5.47008999E-02  0.111484960       8.60000029E-02   0.00000000      -6.80891424E-02  -2.50925571E-02
  0.911228478      0.919766009       3.89277858E-07   3.94265783E-07  0.911228180       1.74855590E-02   5.23449183E-02  0.106673487       8.60000029E-02   0.00000000      -6.89237043E-02  -2.55574472E-02
  0.927889049      0.935594022       3.99008911E-07   4.03515287E-07  0.927888870       1.58280134E-02   5.00570945E-02  0.102086507       8.60000029E-02   0.00000000      -6.97191805E-02  -2.60020178E-02
  0.942877471      0.949736118       4.07772404E-07   4.11787511E-07  0.942877293       1.41420960E-02   4.78482731E-02   9.77608487E-02   8.60000029E-02   0.00000000      -7.02277720E-02  -2.62870044E-02
  0.956166804      0.962166667       4.15549323E-07   4.19064492E-07  0.956166744       1.24305487E-02   4.57339436E-02   9.37140062E-02   8.60000029E-02   0.00000000      -7.06039369E-02  -2.64981668E-02
  0.967733026      0.972863317       4.22322898E-07   4.25330711E-07  0.967732906       1.06966496E-02   4.37221788E-02   8.99463221E-02   8.60000029E-02   0.00000000      -7.09167123E-02  -2.66739931E-02
  0.977555275      0.981806815       4.28078749E-07   4.30572896E-07  0.977555275       8.94349813E-03   4.18151133E-02   8.64432454E-02   8.60000029E-02   0.00000000      -7.12357834E-02  -2.68535931E-02
  0.985615969      0.988981009       4.32804711E-07   4.34779935E-07  0.985615969       7.17419386E-03   4.00130488E-02   8.31823573E-02   8.60000029E-02   0.00000000      -7.16681257E-02  -2.70973258E-02
  0.991900504      0.994373024       4.36490836E-07   4.37943044E-07  0.991900444       5.39201498E-03   3.83198448E-02   8.01336840E-02   8.60000029E-02   0.00000000      -7.23716468E-02  -2.74948776E-02
  0.996397495      0.997973084       4.39129337E-07   4.40055459E-07  0.996397495       3.60006094E-03   3.67500149E-02   7.72784576E-02   8.60000029E-02   0.00000000      -7.34327585E-02  -2.80967038E-02
  0.999098957      0.999774754       4.40714643E-07   4.41112803E-07  0.999099016       1.80166960E-03   3.53323594E-02   7.17730373E-02   8.60000029E-02   0.00000000      -7.94126093E-02  -3.15397866E-02
   1.00000000       1.00000000       4.41243458E-07   3.64983251E-04   1.00000000       5.89787960E-04   3.43433544E-02   7.04804212E-02   8.60000029E-02   0.00000000      -6.29027933E-02  -2.22372320E-02
   1.00000000       1.00000000       1.45336404E-03   3.24960961E-03   1.00145292       2.88462639E-03   3.33056562E-02   9.17448699E-02   0.00000000      0.115708090      0.160761580       2.32745931E-02
   1.00000000       1.00000000       5.72761334E-03   8.85125529E-03   1.00572729       5.60164452E-03   3.17155495E-02   8.64294991E-02   0.00000000      0.115708090      0.140197262       1.23665482E-02
   1.00000000       1.00000000       1.25748757E-02   1.68443564E-02   1.01257467       7.99310207E-03   2.97741443E-02   8.10838044E-02   0.00000000      0.115708090      0.133331493       8.85728933E-03
   1.00000000       1.00000000       2.15972308E-02   2.67642383E-02   1.02159691       9.91988182E-03   2.75517479E-02   7.51401782E-02   0.00000000      0.115708090      0.130079851       7.21062580E-03
   1.00000000       1.00000000       3.22701558E-02   3.80346403E-02   1.03226995       1.12704039E-02   2.50884928E-02   6.85813800E-02   0.00000000      0.115708090      0.128213570       6.26905449E-03
   1.00000000       1.00000000       4.39736471E-02   5.00003919E-02   1.04397345       1.19657516E-02   2.24151388E-02   6.14328235E-02   0.00000000      0.115708090      0.126955286       5.63546782E-03
   1.00000000       1.00000000       5.60272560E-02   6.19662628E-02   1.05602694       1.19658709E-02   1.95583105E-02   5.37397526E-02   0.00000000      0.115708090      0.126033902       5.17209060E-03
   1.00000000       1.00000000       6.77306280E-02   7.32365400E-02   1.06773043       1.12702847E-02   1.65433846E-02   4.55592088E-02   0.00000000      0.115708090      0.125326306       4.81653120E-03
   1.00000000       1.00000000       7.84036741E-02   8.31565410E-02   1.07840347       9.92000103E-03   1.33957295E-02   3.69615108E-02   0.00000000      0.115708090      0.124775551       4.53995448E-03
   1.00000000       1.00000000       8.74260291E-02   9.11496431E-02   1.08742571       7.99310207E-03   1.01411231E-02   2.80234721E-02   0.00000000      0.115708090      0.124360316       4.33152076E-03
   1.00000000       1.00000000       9.42732915E-02   9.67512876E-02   1.09427309       5.60164452E-03   6.80581620E-03   1.88270826E-02   0.00000000      0.115708090      0.124070883       4.18627961E-03
   1.00000000       1.00000000       9.85475406E-02   9.96359140E-02   1.09854746       2.88462639E-03   3.41646443E-03   9.45718586E-03   0.00000000      0.115708090      0.123915084       4.10811184E-03
   1.00000000       1.00000000      0.100000463       9.96359140E-02   1.10000038       0.00000000       0.00000000       5.00000006E-08   0.00000000      0.115708090      0.115708090       4.08154121E-03
