polarflywingplus                                                        
  -5.00000000     -0.331554264       1.21322870E-02   0.00000000       2.19863169E-02
  -4.00000000     -0.252879798       9.58059356E-03   0.00000000       2.18778998E-02
  -3.00000000     -0.173996344       7.68944435E-03   0.00000000       2.17672959E-02
  -2.00000000      -9.49310437E-02   6.49108365E-03   0.00000000       2.16239020E-02
  -1.00000000      -1.58612523E-02   5.93122700E-03   0.00000000       2.14429889E-02
   0.00000000       6.33635446E-02   6.08569104E-03   0.00000000       2.11632736E-02
   1.00000000      0.142551124       6.87783211E-03   0.00000000       2.08617952E-02
   2.00000000      0.221800700       8.29946995E-03   0.00000000       2.05238294E-02
   3.00000000      0.300973028       1.03697758E-02   0.00000000       2.01714933E-02
   4.00000000      0.378665954       1.29217673E-02   0.00000000       1.98988579E-02
   5.00000000      0.454456359       1.58177298E-02   0.00000000       1.97687224E-02
   6.00000000      0.530606806       1.94223747E-02   0.00000000       1.95802301E-02
   7.00000000      0.608191192       2.40763836E-02   0.00000000       1.92473475E-02
   8.00000000      0.685674906       2.94404253E-02   0.00000000       1.88941695E-02
   9.00000000      0.765664995       3.57206687E-02   0.00000000       1.81512628E-02
   10.0000000      0.847108543       4.29090746E-02   0.00000000       1.70968231E-02
   11.0000000      0.928588092       5.08633927E-02   0.00000000       1.59115680E-02
   12.0000000       1.00924325       5.95851839E-02   0.00000000       1.46838455E-02
   13.0000000       1.08709884       6.89132437E-02   0.00000000       1.35438377E-02
   14.0000000       1.15961611       7.84416124E-02   0.00000000       1.28212729E-02
   15.0000000       1.22751033       8.82224068E-02   0.00000000       1.23550147E-02
   16.0000000       1.28866732       9.85352099E-02   0.00000000       1.17516192E-02
   17.0000000       1.33587992      0.109236091       0.00000000       1.10786930E-02
   18.0000000       1.36822569      0.120108411       0.00000000       1.05470810E-02
   19.0000000       1.38395715      0.131577551       0.00000000       9.99534223E-03
   20.0000000       1.38571262      0.143996239       0.00000000       9.08002350E-03
   21.0000000       1.38019037      0.156909958       0.00000000       7.77432788E-03
   22.0000000       1.37511063      0.170324102       0.00000000       6.11202745E-03
   23.0000000       1.36879528      0.184248477       0.00000000       3.99892172E-03
   24.0000000       1.36241770      0.199137539       0.00000000       1.32911594E-03
   25.0000000       1.35756028      0.214220941       0.00000000      -1.78393035E-03
